[Norway]
63.80962246803728,12.41455078125
63.81931854473803,8.37158203125
63.32054557740973,7.58056640625
62.15315598146731,4.89990234375
61.56244858131596,4.63623046875
60.631283, 4.448084
59.436525, 4.607386
58.36481542444957,5.6689453125
57.85406858833042,7.2509765625
58.27249612444873,9.1845703125
58.90234054663597,9.7998046875
59.08344550485886,10.5029296875
58.98169117040918,11.1181640625
58.868277250639395,11.62353515625
59.621068186873494,11.79931640625
60.15022083325673,12.54638671875
61.01356201145184,12.37060546875
61.34193800970268,12.9638671875
61.67733261396442,12.3046875
[OstlandUtenOslo]
59.34102469402477,9.73388671875
58.93809748081688,9.964599609375
58.875687098177714,11.920166015625
60.25833860561106,12.12890625
60.37530854736673,11.3818359375
60.23107621548619,10.8599853515625
59.90490807552136,11.063232421875
59.92418379395178,10.87646484375
59.81940954437236,10.8270263671875
59.83321449691035,10.7391357421875
59.899398671248,10.7171630859375
59.88562116146657,10.5908203125
59.935193465252645,10.546875
59.98743952462014,10.7281494140625
60.01764960048267,10.96435546875
60.22289307297661,10.8270263671875
59.78348988585812,9.525146484375
[Godlia]
59.90405536130574,10.821189880371094
59.89406863661079,10.817756652832031
59.891829820839256,10.846595764160156
59.903366718071,10.8489990234375
[OsloS]
59.90457183436028,10.756988525390625
59.91507171106392,10.7666015625
59.91954605908522,10.741195678710938
59.90904759769728,10.734329223632812
[Amsterdam]
52.22375108846848,4.405517578125
52.22375108846848,5.4327392578125
53.35972118958376,5.1251220703125
53.188910477487276,4.6527099609375
[Denmark]
54.89931586453688,7.75634765625
54.50573515519568,12.65625
55.71222029038723,12.83203125
56.16753810616198,12.54638671875
57.877443309350625,10.5908203125
56.89456628625309,7.93212890625
[Sweden]
63.731933641601124,12.3486328125
63.81931854473803,12.48046875
63.8483867602612,21.09375
63.63452158054584,21.02783203125
63.42886385643049,19.5556640625
62.62161517973398,18.21533203125
62.040045187073545,17.60009765625
61.57291020985411,17.5341796875
60.69251072863098,17.4462890625
60.50914619505083,18.69873046875
59.76521300755186,19.31396484375
59.19615304670681,18.896484375
58.834180392801166,18.39111328125
58.57165390930073,17.07275390625
57.63125056329637,16.80908203125
57.33597250471026,17.2265625
56.191997583397644,16.58935546875
55.845638703403,15.029296875
54.89674937812855,15.29296875
55.29905633001252,12.65625
56.5060918107251,12.568359375
58.990712823253894,10.6787109375
59.05856472298198,11.7333984375
59.86240174913176,11.953125
60.99009445315219,12.3486328125
[Germany]
54.92457715185518,8.06396484375
54.53124278082688,11.77734375
54.70935043314476,13.7109375
53.81099057737309,14.08447265625
53.22309640039552,9.66796875
53.43306028946317,5.4052734375
[StorOslo]
59.80712587827857,10.498123168945312
59.84233017790231,10.342254638671875
59.96319036996482,10.419158935546875
60.036661568488896,10.592193603515625
60.03220301918807,10.933456420898438
59.94840777016363,11.15936279296875
59.78950977445096,10.9039306640625
[NorthernAreas]
63.80962246803728,9.052734375
63.673526590741275,21.15966796875
65.06098565156621,21.95068359375
65.61110880877801,24.06005859375
68.26608163014109,23.1591796875
69.7758662066829,31.46484375
70.55120658664494,31.1572265625
71.40748557366202,26.71875
70.28309447899161,18.45703125
68.19758249902024,12.919921875
[Faroene]
60.89517395585648,-0.7305908203125
60.39431053617209,-0.714111328125
59.79178247234297,-1.263427734375
60.1163261702237,-2.186279296875
60.686081972344155,-1.42822265625
[Stromness]
59.41377559385456,-2.274169921875
58.957931697608906,-2.559814453125
58.70775660074106,-2.900390625
58.79040023713571,-3.570556640625
59.206304898383216,-3.372802734375
59.43892225250081,-2.911376953125
[Fairisle]
59.56160093685027,-1.6709518432617188
59.50328350332343,-1.6709518432617188
59.50589688985446,-1.5785980224609375
59.561253072406124,-1.5816879272460938
[Faroene2]
62.45037375102467,-7.789306640625
61.98953972276092,-7.7783203125
61.92756233041087,-7.086181640625
61.3061058938742,-7.1630859375
61.34827643873121,-6.339111328125
62.49607102145192,-6.1083984375
[Northern1]
63.964359821755515,9.77783203125
63.761092008909365,20.8740234375
64.5181772104637,21.86279296875
65.69263866717847,22.82958984375
65.98045335827285,11.79931640625
63.945064251594566,9.3603515625
63.945064251594566,9.931640625
[Northern2]
65.98045335827285,12.01904296875
65.59295622602383,24.19189453125
68.33272811778858,23.35693359375
69.14533134069632,20.478515625
70.5380561808611,20.01708984375
68.77457504865545,13.16162109375
[Iceland]
66.51148163172967,-23.31298828125
65.55661300436343,-24.8291015625
65.33748514802323,-24.45556640625
65.40158702382102,-22.65380859375
65.12576067793012,-22.74169921875
65.06098565156621,-24.23583984375
64.59369800273288,-24.1259765625
64.69719793005936,-22.6318359375
64.2617456180661,-22.5
64.03178967995062,-23.5107421875
63.654030787909164,-22.82958984375
63.751375895866296,-21.2255859375
63.290933283834875,-20.302734375
63.35998131071211,-17.6220703125
64.34748895873018,-14.47998046875
64.93096170355194,-13.16162109375
65.65643482353138,-13.4912109375
66.17646324844405,-14.83154296875
66.45010335017984,-14.34814453125
66.51148163172967,-14.9853515625
66.24736544814215,-15.5126953125
66.6512085766551,-15.8642578125
66.46765542058007,-17.0068359375
66.29157833112298,-17.20458984375
66.61635056817998,-18.03955078125
66.21193922892344,-18.0615234375
66.22965855517315,-19.16015625
66.17646324844405,-20.56640625
65.73782235387897,-21.0498046875
66.1675864715323,-21.20361328125
66.59017483360473,-22.6318359375
[Bornholm]
55.31476261536287,14.73541259765625
55.198932504105706,14.68048095703125
55.079620135742466,14.65576171875
55.00723138370523,14.8974609375
54.97414083665279,15.1171875
55.151878122450825,15.1885986328125
55.33351407237672,15.194091796875
55.33507629339756,15.16937255859375
55.15344749689564,15.13641357421875
[SouthFinland]
60.227794679741635,19.434814453125
60.091128336136116,19.522705078125
59.92087157641823,20.225830078125
59.84921245349868,21.07177734375
59.73866563997052,23.499755859375
60.21142471276653,25.81787109375
62.511287908939856,23.31298828125
62.394426499299485,20.85205078125
60.67746626507228,20.8740234375
60.363893543264346,19.44580078125
